1000
16 2069 416643
34 2230 437388
820 3897 218583
984 3091 203660
533 3281 481509
152 4504 446328
756 1492 38920
106 3519 480944
574 2179 72231
227 2017 433864
301 2757 209804
943 1082 453412
331 1684 277500
265 2532 103830
924 4781 208166
433 2828 72136
112 1396 68580
32 1102 320084
975 1911 250770
557 605 27654
420 4077 334551
224 1543 133479
987 2646 327936
838 1804 287724
668 766 430044
836 4386 359868
324 2045 424446
255 2583 66837
338 4096 79443
461 3548 400633
114 3092 68124
665 1990 498555
499 2807 145652
786 1390 211692
509 4635 449340
905 1510 307430
773 1209 248626
573 2276 328205
409 1139 10759
208 2101 401221
195 3313 400750
670 4475 251844
224 4513 424296
891 4290 195558
936 2582 169512
281 1027 87007
64 2275 3817
42 3501 4873
248 768 426632
358 2371 36193
578 1559 344869
679 2019 219919
884 4890 278461
179 4477 364792
106 617 282982
979 4965 463073
986 1383 264941
802 952 145732
681 2969 155929
664 1965 424042
211 4221 317994
435 3594 454965
354 3918 333516
816 2027 99308
608 4324 464019
941 2052 409744
16 2047 227519
309 2960 182334
41 3230 118749
324 591 47520
365 1016 386223
710 4405 35587
29 735 263866
544 3404 495308
851 3781 458207
237 434 338436
981 1316 190293
500 3598 50304
186 1637 407008
934 2870 236070
455 2431 40989
677 1416 199344
631 971 447403
496 2532 30908
156 1642 363760
714 2888 212529
150 3387 40320
447 3060 128421
112 1643 155263
119 2385 260429
189 4710 384309
530 2310 344900
874 4880 129866
278 4388 72738
556 3431 256459
669 3701 177763
203 3760 230048
527 914 173539
300 1595 174210
563 1035 334467
991 1058 250880
654 3903 276965
556 2352 481040
781 4567 110605
522 2787 193683
980 4045 172104
95 2652 433408
497 2023 135142
35 3454 343989
248 502 466954
68 4397 272810
949 3450 286192
272 837 206456
315 584 13694
276 3706 222492
960 2253 212943
431 4691 197622
838 2036 233166
981 1480 448010
969 3593 13768
274 1824 174514
84 4765 330917
631 4317 344223
438 4768 360666
134 2702 436626
625 1636 344908
581 3421 279657
555 2778 454480
73 2796 75811
435 739 334032
203 624 30967
718 3385 450203
987 2551 385051
563 1111 316588
228 4698 355386
207 4026 195147
126 2961 24318
784 4469 292718
677 2057 119073
839 4977 363757
870 4024 493646
189 3796 298100
743 2270 63115
805 4392 27927
745 3286 173506
133 1592 271435
282 4902 1931
620 2129 78983
690 4567 268460
768 2924 18368
525 4842 358833
236 2717 448018
688 2356 133186
806 3300 291270
733 4430 266580
602 3533 28450
36 2578 421796
321 2696 209924
657 2771 380079
118 464 24428
842 3922 460644
679 1230 252400
51 4049 333548
239 2940 138203
510 1193 450250
443 3861 157781
245 2393 439596
41 4498 336381
317 3351 124490
749 1084 455744
177 1033 193861
173 2782 332566
573 2727 169956
473 4251 269155
676 4246 190787
278 3301 92025
61 826 260647
8 921 198590
388 2569 17540
890 1590 469600
985 1531 105870
198 1364 301510
763 3908 471858
73 797 282791
228 1265 9231
17 174 466820
393 2818 167651
39 80 33525
980 2910 307060
520 651 368355
481 1078 258172
703 1988 453511
218 1195 190424
76 4819 351516
866 3178 42276
449 3910 229308
621 1018 86776
273 4160 70590
149 4293 484439
214 2148 485528
920 4192 62266
91 3601 375921
603 2326 307979
381 771 495831
248 4212 257572
527 1584 251332
201 3311 101834
976 1080 53356
917 2681 337239
355 2737 454636
236 2534 407858
543 798 302784
827 2441 457280
849 2854 326850
33 485 210637
607 1854 117871
291 891 48078
124 2912 136204
849 894 464835
93 3060 324675
729 4028 116788
939 1462 82989
75 2347 193151
706 2338 154036
555 2017 317177
191 4353 224842
415 4330 139055
494 2036 130245
52 2574 285350
887 3872 121519
915 2926 107920
56 1941 339570
48 4432 176032
199 3816 425364
591 2816 116047
769 2826 5735
962 4900 362038
18 1757 270472
266 4517 300746
973 4650 290117
846 3187 225917
120 3400 499640
689 2952 430476
732 3237 8345
97 668 43776
519 2908 263746
606 2531 302472
1000 4478 191705
471 3629 100338
571 3018 476860
42 2818 178644
962 1609 338835
975 1124 7719
803 2152 427510
152 539 235889
279 4858 266388
376 1135 243848
857 4176 323676
918 1428 136068
259 1342 482894
118 4394 469158
113 2937 251877
947 1526 170667
19 252 368822
880 3945 304420
768 3792 109872
507 2419 307328
354 1093 258757
383 2997 234656
506 582 68473
399 4111 66692
908 1911 438869
152 4797 201021
818 2502 299965
991 1912 260430
767 3616 126121
663 4955 177265
990 1577 232589
747 4680 483831
755 1236 31321
585 2331 368280
278 4064 173352
147 2075 318086
520 996 293828
494 3869 60802
276 1333 354897
442 2749 442495
70 2259 83802
664 3311 118843
846 1081 167367
170 1187 228684
456 3790 288236
168 1376 114296
253 697 377525
433 2471 463093
588 3712 159064
484 3925 108077
333 4275 117414
488 2877 429498
331 3997 311691
71 669 348823
107 1215 91228
697 1230 494132
346 3117 242200
222 4349 184467
316 3066 65010
394 1840 26345
822 3182 245754
239 298 488526
93 3396 205791
788 2419 461570
962 2283 91469
190 3019 317879
321 1431 458892
874 1949 291987
695 1660 427020
59 4361 218890
759 1837 126434
512 4731 233484
390 977 191558
181 810 135354
760 1820 342600
580 4769 117871
810 2101 59199
702 3030 93043
41 4161 166248
413 2782 437820
302 2316 32218
96 4473 83202
932 1818 20274
491 2085 171499
196 1150 385678
801 1050 270399
58 2207 319791
609 2139 292404
675 4610 372714
922 3612 158442
743 4650 192270
313 2159 203621
868 1240 197284
150 342 395616
2 531 243645
680 1949 365600
79 1261 95720
221 3289 376532
629 1259 16367
701 2107 458670
496 4976 438592
771 2556 82614
391 3672 156910
745 3234 320352
716 4226 240990
361 4581 294130
314 972 64974
385 3412 161784
923 3198 161265
673 4001 246018
695 1328 337515
289 2671 17024
255 929 335053
172 1501 360934
882 4069 233461
228 2645 387376
362 1326 60365
341 757 88578
479 2670 264418
96 4541 493311
115 953 433699
981 4718 277856
6 3665 245757
59 2779 34752
344 1413 24114
158 2134 6481
534 4801 331274
900 1393 126746
478 3267 253143
248 1891 259563
559 3129 104674
609 2858 243431
465 1510 258435
573 4651 322969
326 4853 273734
791 2525 351723
328 3826 334724
602 2959 336764
349 3479 3290
844 3498 28259
406 2226 124992
83 4531 196410
513 1399 210469
304 4181 51309
625 2949 47134
359 3206 480464
435 579 222330
160 3218 333094
281 1268 417689
924 4717 224175
186 3917 294923
531 3014 30933
941 1021 242758
420 3900 192480
730 4135 414883
215 3425 434150
680 3329 256694
362 2590 230188
809 4050 481385
497 4335 279759
27 2488 368579
957 1769 368793
894 3523 23905
6 240 92304
867 1026 429681
801 4033 293412
951 1636 67938
996 1315 87967
539 3048 190278
279 357 394515
59 2262 228936
638 3472 334885
800 1083 425129
707 2490 193789
14 4015 208533
48 2755 16483
817 4050 130826
754 3000 241171
722 4322 229687
354 4938 497700
869 3416 285732
156 1540 405072
42 4243 353957
522 4788 440532
311 1153 324655
196 4790 453912
38 1882 262472
869 4243 7026
402 4333 434120
446 2476 57841
145 1654 157980
230 1114 86750
304 391 245673
612 3436 142300
161 4450 385296
167 2903 404337
80 4143 9193
552 1355 267788
580 4744 300840
54 3802 265878
251 3858 106480
230 697 18902
332 362 370708
4 1690 87036
658 1100 378026
953 2795 468564
290 1843 375137
485 3635 228580
642 4234 286422
483 2768 311056
713 3497 300202
202 1898 55917
104 3969 466942
812 2193 419923
200 3654 355424
578 2180 98082
493 4753 101823
630 3372 145455
209 4630 219700
984 2063 291331
399 3936 418212
600 4120 258320
872 4191 431112
813 2665 165908
91 3513 121362
866 2384 199116
952 4888 287168
133 3615 411051
608 1702 338534
661 1652 386933
992 3164 305644
555 4875 233910
876 4326 174294
342 3176 497482
251 2511 339487
966 2583 62223
86 4395 166749
605 1151 495540
7 3983 326242
933 3780 428925
865 2639 130997
515 2008 249044
437 1308 355301
734 2669 400363
568 2861 320520
492 1766 3905
83 3930 32233
834 4821 40032
725 3413 156467
966 1659 117537
892 2445 230968
252 3300 431292
295 3907 460504
948 1081 266051
318 2699 30197
199 3621 374311
457 2991 13863
43 1073 236018
90 1198 878
556 3166 114325
455 4872 479633
776 1864 418808
75 1257 165774
931 3471 378461
981 3516 87084
180 2089 147546
492 3834 105729
706 2728 161110
75 534 292857
957 2470 376273
283 4971 307574
917 2388 234140
79 4978 421349
852 4195 224501
321 1253 60324
759 1174 232992
304 666 295468
391 3517 279989
501 2688 242946
710 1968 324462
985 3270 174778
567 1128 41235
709 1051 355112
57 3559 76919
910 3280 472700
233 299 89024
577 1213 300184
45 2458 120052
385 2415 317345
686 2524 360242
150 1248 395772
289 2389 403572
877 2033 302445
341 3176 258178
259 4909 165578
317 4725 111738
692 2812 260549
877 4007 201393
280 565 144460
624 1066 349856
217 4507 210259
341 1972 49587
264 2835 101961
713 4570 272394
891 4765 301739
821 3271 250314
559 4999 383816
110 4663 481364
866 3248 355547
325 3452 265964
198 667 20437
821 1094 326550
759 1280 241889
722 1579 105212
118 1467 26151
209 4642 493757
874 1304 80698
691 3528 119874
55 1047 247678
55 1437 281457
24 3524 97800
463 1111 92414
365 2322 201790
254 2482 211804
821 846 397063
973 3443 406723
82 993 401775
783 1716 109857
9 4120 248833
39 4146 479469
847 1464 135305
649 1259 459313
490 2933 17150
281 861 395271
439 1611 381579
501 3157 294445
640 2533 367838
414 4062 18267
284 3852 227108
116 4714 333650
938 1352 136566
244 2073 156296
909 2407 203037
340 923 51347
962 1083 306551
894 4707 27391
342 464 174970
533 1411 346324
157 2444 210393
267 1127 482146
269 3279 475745
835 3243 305344
131 2307 79786
522 4657 484509
260 2041 264017
165 1394 299033
562 4617 29036
532 4648 323092
208 4640 340144
600 1954 296317
98 4512 203774
843 2385 181471
540 2771 205082
678 4224 308376
539 1336 402993
559 3425 370494
944 1485 5344
979 3750 208072
431 4295 496961
582 1551 99114
252 2008 380888
26 1706 478848
500 1525 49275
582 3207 295254
314 973 300829
306 4961 372568
803 3290 54219
498 3975 4401
573 2565 102136
534 1670 41487
1 1652 337281
241 622 448915
89 1254 214439
731 3761 229991
985 3215 463730
166 2265 212382
733 2008 274973
953 1019 196899
709 1264 301253
855 4031 444542
696 4212 406728
977 2041 440641
243 4446 178704
681 4012 358696
674 3279 305362
758 2126 421682
141 4268 61802
470 4747 247408
722 3459 202958
329 1885 425388
870 1097 13807
950 3263 365460
593 3470 475589
299 2140 409777
353 3151 446951
68 3120 420640
749 906 187067
550 2483 300443
320 4135 297875
632 1303 265166
19 4305 276507
833 3560 136468
666 1259 343025
606 1267 110567
384 2043 152871
687 742 466246
682 892 246758
748 2807 318438
542 4757 361847
772 2102 194576
292 1541 261185
799 4656 484732
619 1147 322234
644 1472 452364
257 4046 233880
483 4586 4796
729 4282 170459
838 4984 309008
279 797 184267
479 1270 499137
60 3981 195375
245 2076 270449
335 4205 122534
921 3386 227216
301 3898 10656
532 1079 436133
329 875 424284
143 3661 162170
523 3430 466616
790 4591 168178
278 826 32032
654 2037 334683
454 3097 228950
993 4344 74102
579 4050 481086
595 1172 102432
729 4589 420875
12 281 199501
193 1167 240403
163 767 438135
343 4696 470922
727 4069 132665
409 4338 391739
713 3590 86723
928 4930 186354
368 4204 424556
810 2524 306064
38 132 34064
538 2420 417586
292 3466 140898
426 924 235836
704 2062 397784
369 4323 397182
461 3718 372927
194 1930 52245
574 2381 478503
484 4130 71502
548 848 255516
612 1637 192716
199 1958 398782
449 2963 9189
639 1825 72322
423 2645 455569
958 3652 355174
884 3723 378046
483 2823 5313
350 448 339374
860 2416 350176
377 3580 188166
445 1649 159150
226 4137 168558
415 3633 220024
90 2660 429850
658 2678 222500
185 1188 168341
245 4143 470104
557 797 68701
283 4315 253851
460 1594 59609
978 3632 436270
127 1695 8378
686 3738 28126
710 2153 393295
918 3500 50090
772 1060 338840
464 4576 328032
920 1829 28935
623 3214 496693
474 4805 3178
435 2633 241107
704 3130 109257
82 958 149534
207 696 417894
854 3200 402617
979 2348 426175
819 1128 399327
208 1635 311035
143 1585 17017
187 848 383827
716 3941 99603
822 1572 323508
435 972 224103
320 1988 54102
216 1641 227028
187 230 498073
361 3609 35378
687 3371 309654
721 3590 421697
98 1555 125578
924 3350 464531
530 610 391190
41 1677 430286
495 4335 93585
953 3206 290738
332 4706 88218
756 807 308523
336 4601 296031
342 1022 96034
45 519 221577
974 3826 175833
507 2311 216266
51 684 452130
337 912 65667
274 4433 458419
11 3820 65708
584 4660 297351
106 4039 52693
489 4535 175455
875 2091 166308
452 3873 425447
638 999 52462
903 1119 370866
385 2979 121117
51 2905 357325
821 4279 339213
529 1803 64856
886 2413 69835
932 4821 196507
387 872 350222
52 2171 189254
499 4533 161807
312 4250 175405
179 2964 176688
651 1320 242895
976 2209 213818
540 2333 161318
396 798 393930
583 4789 224000
89 2923 280349
662 2784 268119
276 3942 395886
85 3393 379903
490 4163 172301
533 3214 355107
429 1027 403078
598 3654 365585
919 1822 39977
848 2490 11646
225 1165 439710
574 3147 6820
696 2403 154782
934 1957 452378
836 4184 270286
492 1168 214012
599 2881 189145
34 2620 2449
621 1698 251532
949 4479 22532
599 1475 495620
660 1661 53724
480 2048 386080
613 1570 154564
18 4591 50868
929 964 251702
294 3976 32662
438 1889 74884
254 3359 72364
137 1897 419051
669 3983 322605
290 3534 112433
366 2259 23954
467 4857 485778
31 215 361426
250 3495 339565
304 1438 291654
975 1027 137124
859 1550 225220
578 713 128615
628 4510 358930
585 1887 355962
22 3164 142798
339 2200 390597
116 4945 35410
541 4879 380503
457 1232 123546
462 1129 2724
589 2903 487788
162 231 363021
129 4627 183607
89 3710 396136
405 2224 119730
555 1952 191442
151 4112 298533
915 1056 491874
423 3216 39519
320 3590 490490
44 3234 403304
847 1593 383076
219 2074 332462
828 2220 106774
316 1732 302124
47 3782 475161
488 2065 95309
373 1834 40348
247 4321 166198
117 4250 264507
606 4926 488754
276 3755 64167
351 2487 152058
164 761 95038
947 1378 281774
74 720 355062
234 1907 205503
894 1997 401210
595 4673 306338
793 3411 77139
652 2485 199980
408 720 162672
927 4815 377280
985 3438 494725
23 2266 427480
148 1193 327985
210 1672 354976
65 2868 323341
626 2814 241302
316 4950 164734
454 2211 67769
436 985 386433
460 1983 487445
745 2193 219623
469 4223 189747
301 3912 216118
285 965 274425
614 1950 459456
954 4649 328074
609 646 62841
342 3108 444606
463 4569 445786
895 1552 146887
340 4363 216328
315 2068 249137
61 4663 10750
707 1771 405265
487 1095 105504
942 3698 61714
371 4334 80238
565 2856 238220
175 1563 251986
962 4347 284212
203 778 228534
883 1710 96028
24 4025 297823
125 631 161902
395 3528 75945
899 3244 363295
966 1181 265253
206 3557 479256
425 472 40367
410 3195 367725
974 1187 432425
859 1121 470437
887 2209 204211
710 1590 317340
963 4244 133311
261 2060 111568
908 4926 63854
512 3483 118401
767 4114 187082
487 4204 232163
213 1281 400401
989 4352 440873
777 2533 86356
989 4537 363985
683 2851 195348
995 3282 185961
569 3826 397534
775 2227 410331
530 1351 495249
656 2973 371571
818 1747 356221
218 3433 177728
442 2381 464826
809 2917 482631
147 2770 425753
851 2951 386484
818 3317 228124
367 4256 248630
53 4161 427252
302 2727 288008
874 1772 247678
446 1094 205988
174 3975 166071
999 1853 348492
982 4890 70584
735 2195 465700
220 1128 178072
698 1278 255222
679 4172 348250
930 4461 111578
289 3046 310084
968 2550 344150
955 1235 154665
378 3341 344333
873 2964 277158
826 2646 164822
528 1568 209664
603 2241 292869
176 871 357483
426 674 382394
360 3000 255480
796 3151 333107
302 1751 309216
969 3364 132318
309 3673 317756
469 2408 291277
650 1671 423022
318 4855 473816
543 2293 192284
25 228 22037
418 1127 251075
299 1218 143433
408 542 405098
976 2974 218487
295 2205 415755
404 3891 83846
685 1004 204816
708 4433 456738
876 2351 111190
161 879 66
550 639 267658
977 3330 224039
763 4494 229702
860 2681 455730